function y=frontera3(x)
% Parábola 5
y=-0.064233*x^2+0.953465*x+1.296958;
